//1
2 3 4
1 2.5 5
0 2 1
2 1 5
0 2 1
1 2.5 10
0 6 1
2 1 1
0 2 1
1 2.5 20
0 12 1
1 1 5
0 2 1
2 2.5 20
0 12 1
1 1 10
0 2 1
1 1 1
0 2 1
1 2.5 10

//2
1 1 5
0 2 1
1 1 5
0 2 1
1 0.5 10
1 6 1
1 1 1
0 2 1
1 0.5 20
0 12 1
1 1 5
1 0.5 10
0 6 1
1 1 5
0 2 1
1 3 5
1 1 15
0 2 1
1 1 15
0 2 1
1 0.5 20
0 6 1
1 1 10
0 2 1
1 0.5 40
0 12 1
1 1 15
0 2 1
0 6 1
1 1 20



//3
1 3 4
1 1 5
0 2 1
1 1 5
0 2 1
1 0.5 10
0 6 1
1 1 1
0 2 1
1 0.5 20
0 12 1
2 1 5
0 2 1
1 0.5 20
0 12 1
2 1 10
0 2 1
1 1 1
0 2 1
1 0.5 10
0 6 1
2 1 5
0 2 1
1 3 5
